0 11738.00383453121 -89530.74233242424 194841.24335222555 128 128 128
1 -11110.363295331066 -43900.793446295764 144359.77964323995 128 128 128
2 -11080.112303419877 -43786.0217731814 144139.11860387475 128 128 128
3 -10259.214891577869 -42043.773776466085 142717.1942459694 128 128 128
4 -10219.402828497523 -42067.5187373359 142662.65292244536 128 128 128
5 -10127.223685297966 -42058.78833009649 142531.59031036796 128 128 128
6 -10087.771196822589 -42082.95753205633 142477.94701263183 128 128 128
7 -10151.653898628992 -41977.664042408425 142391.8210306565 128 128 128
8 -24617.446830511064 -67852.55480817998 184193.54766929205 128 128 128
9 -21148.154573571035 -45329.215389078185 174689.33970624878 128 128 128
10 -9373.34024669594 -41341.30305670527 141382.42016603265 128 128 128
11 -19302.65565615168 -45179.60189332073 172043.04278132212 128 128 128
12 -19237.844616879185 -45176.133747087515 171945.26649908273 128 128 128
13 -19173.123766920624 -45172.76568453298 171847.6192199507 128 128 128
14 -76480.73888987929 -113349.79885275943 310609.00359602825 128 128 128
15 -19622.598138054047 -49046.5513459266 158729.2056760045 128 128 128
16 -19271.658483116786 -45067.184111662384 171864.1053928395 128 128 128
17 -19206.877835048166 -45063.74320260466 171766.25146462634 128 128 128
18 -19142.187416587814 -45060.40242522012 171668.52666676498 128 128 128
19 5674.083719698217 -34608.63739097704 123518.00740407001 128 128 128
20 -19015.86565522808 -44832.50647139937 171212.1700633363 128 128 128
21 5674.170568765948 -34514.459247526895 123337.36324867612 128 128 128
22 -18985.050300637755 -44720.187498656756 171032.57937585496 128 128 128
23 -18920.631891411947 -44717.12909815715 170934.88100565356 128 128 128
24 5323.3149247143065 -34162.32919730886 123784.90912921417 128 128 128
25 5680.673058592001 -34486.10726626674 123324.4276851234 128 128 128
26 6364.318944266931 -34501.711242433994 122232.36164815373 128 128 128
27 6397.416601330529 -34530.31717173765 122175.54173266013 128 128 128
28 6430.383257682946 -34559.119736850946 122119.16653763728 128 128 128
29 6463.218795753546 -34588.11933626211 122063.23764396022 128 128 128
30 6363.354479868388 -34408.28839592169 122051.96457322895 128 128 128
31 6396.414172755351 -34436.929956252585 121995.11374955882 128 128 128
32 6462.139919982244 -34494.80439955655 121882.75106199417 128 128 128
33 18424.233950304842 -20480.617628893353 117386.79497018059 128 128 128
34 6395.380324060693 -34343.53879751691 121814.5027401522 128 128 128
35 -19527.86480343407 -48736.25475027724 158395.28828379934 128 128 128
36 6427.1675526676045 -34279.05364528186 121577.24215231472 128 128 128
37 -5882.067803249237 -39835.84242065884 148202.4447262045 128 128 128
38 11758.001175639354 -37941.28978546643 119598.5674517285 128 128 128
39 -8654.949665801065 -31182.884228217386 147894.70059018265 128 128 128
40 -8591.383876416397 -31170.614697549907 147764.42533815457 128 128 128
41 6451.469920387579 -34080.5590733062 120977.8016189195 128 128 128
42 8412.379010549841 -22412.815658128085 132288.83958730244 128 128 128
43 5802.26166175954 -34106.8183878962 122381.36333690964 128 128 128
44 5286.401931212085 -34899.1162051688 123807.1744520716 128 128 128
45 2921.1485446296088 -29935.36510996625 121292.69223687735 128 128 128
46 -9661.541907710696 -31303.34025176894 147012.46756111286 128 128 128
47 -9598.053414308977 -31292.404364030248 146883.80983698493 128 128 128
48 -9534.64100022447 -31281.553895558864 146755.22581599996 128 128 128
49 -9526.548410138696 -31182.634166516473 146596.08015930315 128 128 128
50 -9751.75742922249 -31139.874414163423 146871.15009381587 128 128 128
51 3539.6571412454914 -34925.12385685589 123878.36043373338 128 128 128
52 24453.66702572122 -18423.287343866272 88882.96940166262 128 128 128
53 3575.9690378467803 -29534.762040191228 117919.24908599159 128 128 128
54 -18279.5899911915 -42379.18426096833 167245.7212138765 128 128 128
55 -18215.90943042177 -42376.85533184857 167146.62501661648 128 128 128
56 3319.1464769692043 -30554.036128875454 119907.64314494975 128 128 128
57 1645.746664571102 -30572.30340251795 123328.15206887317 128 128 128
58 -3383.5551168001575 -52857.47201682824 144053.6489409742 128 128 128
59 1648.841155918341 -30475.135466798045 123144.09478491842 128 128 128
60 -4472.890024975828 -53523.050650077836 146323.482739733 128 128 128
61 -4252.052313503579 -24543.297368665993 157580.58982114194 128 128 128
62 969.6201318308288 -30775.249070373313 124247.8040400799 128 128 128
63 1012.7648902026854 -30789.928359422454 124158.68366258749 128 128 128
64 -4475.133235465802 -53445.465729949494 146175.22733196875 128 128 128
65 25962.264047689805 -21080.942217739463 91659.03013917478 128 128 128
66 1782.593139054933 -32347.73697136048 123636.381700468 128 128 128
67 -17815.684714948686 -42836.8636150015 150602.66587710025 128 128 128
68 1787.8246276101645 -32249.492651042536 123445.90581054424 128 128 128
69 1826.3224843614894 -32271.22190226924 123372.83841168601 128 128 128
70 6734.688904380585 -46957.40951781707 128142.7125249195 128 128 128
71 -17729.616950595675 -42735.03663153932 150310.55257447745 128 128 128
72 1793.0163096961446 -32151.25886786055 123255.27429851527 128 128 128
73 1831.4865134117151 -32173.00620130386 123182.11702004843 128 128 128
74 2279.9716774645894 -30169.73565998674 120663.38721495532 128 128 128
75 2320.4672186888233 -30187.44658403476 120579.16901168034 128 128 128
76 2360.829706969131 -30205.342144408845 120495.33759246978 128 128 128
77 6723.337543599713 -46637.70520597019 127726.5360145272 128 128 128
78 1798.1679352235878 -32053.035970521574 123064.48781095525 128 128 128
79 1836.6106794841803 -32074.80107016188 122991.23972381 128 128 128
80 -8364.883254600845 -29864.666805591874 144939.35917135488 128 128 128
81 -199441.74431616094 -256197.78542952967 891081.5472612255 128 128 128
82 -4897.3713102296515 -24583.169678583 157958.2858771583 128 128 128
83 287.93472924651405 -31019.642810050547 125144.16649037278 128 128 128
84 331.22312619000394 -31034.696189236558 125056.27098949242 128 128 128
85 1085.846339781627 -33772.84685592091 125665.90640903084 128 128 128
86 1122.5784417106404 -33797.935312035595 125602.10077449582 128 128 128
87 -22885.581304596635 -75451.68902385308 199271.6417412285 128 128 128
88 -22956.891517226988 -75605.41340106224 199642.26716191688 128 128 128
89 1887.6484473866735 -34439.376782854764 124860.24568396775 128 128 128
90 -491206.8835622647 -454054.60177961434 1735175.6611415967 128 128 128
91 1322.8704957953976 -30019.81031507322 121655.74849848125 128 128 128
92 1860.7843755768097 -34311.555478082824 124719.69416570425 128 128 128
93 1894.447905141383 -34340.97015704991 124665.78720405344 128 128 128
94 196.83763509216115 -35479.47370673043 129364.01242829283 128 128 128
95 1901.2183834944485 -34242.558610662476 124471.12800146159 128 128 128
96 2364.854873579727 -32778.18631866147 123793.56158933636 128 128 128
97 -515.082168711284 -30111.444515705793 125352.8450950363 128 128 128
98 317.38888932058944 -34036.701511105704 126766.79852715468 128 128 128
99 5440.26498979116 -30304.534025969522 115578.70690384306 128 128 128
100 -509.1246268178947 -30012.691262760833 125166.20645698451 128 128 128
101 -463.7404194355482 -30024.787917727703 125071.30431315419 128 128 128
102 5405.370815173167 -30183.298276790378 115455.79964142173 128 128 128
103 -457.85577794270995 -29926.071183011645 124884.4359657818 128 128 128
104 5370.354975420866 -30062.240627745232 115333.36614219642 128 128 128
105 -24852.586456586032 -76625.39794433671 203637.9241770702 128 128 128
106 -24928.734877218852 -76782.51089531726 204023.82048146028 128 128 128
107 1026.6320058277508 -30653.59297420092 122328.09779132195 128 128 128
108 710.2164041703198 -31512.219486342787 123480.34890021547 128 128 128
109 1667.0298356046135 -30836.479149493964 121315.51060487381 128 128 128
110 10817.789257904977 -28474.46274258758 112076.43042798481 128 128 128
111 10849.94341372697 -28501.544091840322 112008.58254831634 128 128 128
112 503.9512922655181 -35354.634090202 127075.38592832327 128 128 128
113 513.6010478469201 -35254.748564092195 126877.16132488509 128 128 128
114 1084.8737637801728 -30392.449117230823 121445.59944045659 128 128 128
115 1009.4722531747598 -30256.0697574708 121415.93636098146 128 128 128
116 1049.8550842659683 -30274.91661255562 121334.42435649116 128 128 128
117 1709.1411189564656 -34255.93921220258 126569.36007312268 128 128 128
118 974.195313470204 -30138.909442209173 121305.78935046148 128 128 128
119 1014.6945250451837 -30157.57693740989 121223.75849079162 128 128 128
120 1730.8050090303473 -33113.41089138705 125402.1647957046 128 128 128
121 303.53364942764745 -30886.155682056145 123332.43388426576 128 128 128
122 344.3332224646346 -30905.037480782637 123252.0626391494 128 128 128
123 384.9937367105279 -30924.105894748696 123172.08862079133 128 128 128
124 1019.868834837832 -30059.106965198636 121031.45369199509 128 128 128
125 14285.399164087496 -24587.59097549559 88610.46156540829 128 128 128
126 -9134.386633845595 -56025.17204368078 155380.04965513435 128 128 128
127 -9133.797675341553 -55947.6740770865 155235.16992171784 128 128 128
128 -9155.981421687433 -56047.61862011135 155399.4254935479 128 128 128
129 -9.340085282184859 -35625.249528351174 127294.70890016195 128 128 128
130 1.530027409440501 -35524.830305570234 127093.45559134589 128 128 128
131 32.76591269576494 -35558.43190689941 127051.18894643635 128 128 128
132 5112.82407162778 -18465.608130404795 133518.5979280406 128 128 128
133 9945.18669471823 -23125.868415437515 110537.37444007398 128 128 128
134 -217.28055135328134 -26344.187873777108 119253.79646746244 128 128 128
135 -171.32725220335155 -26354.283906164972 119149.62065181871 128 128 128
136 -214.56319197994543 -26247.796980860607 119068.27938497408 128 128 128
137 -453597.53163525136 -400970.0867162248 1563140.008257192 128 128 128
138 494.2499618980346 -25390.82484633461 115411.27969269278 128 128 128
139 5141.121070596212 -30629.374158454422 105177.15477523308 128 128 128
140 -14908.64697564071 -66524.26994628216 176750.8601071034 128 128 128
141 -8282.598254081211 -55625.10838735977 148456.6479513734 128 128 128
142 -29993.45385287453 -63690.11136363975 182232.15398184062 128 128 128
143 4907.098504830582 -30795.69338816435 106003.14833010602 128 128 128
144 4937.477884414402 -30810.608989529443 105796.26706877802 128 128 128
145 5420.624637451517 -29200.07745824293 100965.57315864545 128 128 128
146 -29548.67334243933 -62513.6720731592 179624.2933507919 128 128 128
147 -826774.2248851141 -655360.8031447895 2734744.4621696966 128 128 128
148 5161.936400289912 -30660.627994533104 104742.63352915444 128 128 128
149 -850408.9224671964 -672242.3645703132 2812132.4469362376 128 128 128
150 5205.103590754541 -29651.22123246048 102426.32224305872 128 128 128
151 4616.685142966816 -31760.34564721059 108517.11608756629 128 128 128
152 4645.405832589954 -31873.523594623315 108532.94849549264 128 128 128
153 4895.638150256653 -19955.715987697426 125479.83211475739 128 128 128
154 4617.3787464778125 -31665.721336101386 108307.31846551577 128 128 128
155 4631.783659511229 -31722.224682437187 108314.88332858017 128 128 128
156 2430.331463387254 -23910.07021043217 105068.70141351088 128 128 128
157 128.86872280893874 -21902.67625293808 109510.20036471466 128 128 128
158 525.3971127038993 -22005.315401397627 108526.86816946584 128 128 128
159 568.8082265506878 -22017.581091572476 108419.33872706954 128 128 128
160 6217.947090353413 -51566.941240902685 131360.8238564319 128 128 128
161 4498.475253797367 -28289.894268488202 102147.75250904866 128 128 128
162 4514.913847639428 -28342.7285459142 102141.86593297707 128 128 128
163 4498.804413119716 -28193.935651296564 101930.45029797382 128 128 128
164 4515.203917994947 -28246.811369053758 101924.55746985931 128 128 128
165 5320.5667228253 -38880.68490665452 111175.88672490547 128 128 128
166 12813.986353913859 -26256.54151581905 86563.9517987457 128 128 128
167 1529.493588538415 -18633.861733402937 130397.82035320599 128 128 128
168 4436.038437892625 -27305.716733569807 99677.58040011273 128 128 128
169 3593.3137600113146 -18523.56726283008 125383.76477072317 128 128 128
170 4451.673915958339 -27167.56227886277 99232.04488179527 128 128 128
171 5707.202787607765 -15054.972801923814 130879.94629241276 128 128 128
172 21222.298480944348 -8957.619207896594 110378.42788663557 128 128 128
173 3962.7882939904694 -12720.27880078783 126620.89727154293 128 128 128
174 6138.973921533471 -37052.07673638668 106944.03391502787 128 128 128
175 823.0799219083142 -48251.12795885918 130142.0494238613 128 128 128
176 10330.569735953493 -23850.62807053607 91957.8694805871 128 128 128
177 -1527.8995559486896 -54709.81939602709 145482.29894389395 128 128 128
178 -1580.1328920094998 -54696.69683988852 145523.55335832082 128 128 128
179 -35373.88955071088 -31094.31475446616 176096.89839666837 128 128 128
180 -35297.422167125114 -31080.087999957024 175981.75419813587 128 128 128
181 17222.417203958426 -36177.97482664801 91824.974153952 128 128 128
182 20378.38626083007 -17450.365174249026 74796.98832723715 128 128 128
183 -32533.210851459244 -31895.294460429435 166444.49869435237 128 128 128
184 -34731.116596297354 -29889.26323074579 175334.81139682027 128 128 128
185 -23873.604440544113 -24581.960184407726 140093.4409861572 128 128 128
186 -31680.33522588921 -28742.046091200635 164965.6163978046 128 128 128
187 1664.3467023014475 -31055.073434387108 93763.83409574055 128 128 128
188 1696.7781587307893 -30826.86487421261 93264.5942760882 128 128 128
189 1650.171251682287 -30977.359830723635 93564.88275272126 128 128 128
190 1662.479561192768 -30243.143435067825 91711.45346753903 128 128 128
191 1648.6282076797593 -30164.4318384408 91507.8423253727 128 128 128
192 800.434042336413 -33852.53210059506 99092.27557588452 128 128 128
193 566.2457331733317 -34626.814052707654 100903.39558112872 128 128 128
194 -26547.337922239753 -88599.1717822994 271565.92338827974 128 128 128
195 -26694.42547055353 -88453.7708882012 271596.8641305368 128 128 128
196 -27074.47527517495 -88962.70982118882 273713.4675203534 128 128 128
197 -27384.599216045586 -89550.58438375295 275841.22183325695 128 128 128
198 -57190.776146777695 -155103.45830574335 530482.7813812034 128 128 128
199 334474.6634362682 406502.05755230616 -1933165.1139917264 128 128 128
200 -30239.205987596557 -89714.3420481361 283530.26061701874 128 128 128
201 -30671.694222173337 -90498.07541316122 286414.3988303059 128 128 128
202 -30743.40697686476 -90421.75898232775 286416.746232354 128 128 128
203 -31186.276815255744 -91222.49283997827 289369.7227507062 128 128 128
204 -112513.70891957548 -233169.47811136817 862892.3285486297 128 128 128
205 -114884.07056398179 -236827.13557682134 878180.2788876662 128 128 128
206 -107201.38421054924 -218691.60788716728 800552.6459446669 128 128 128
207 72835.02520837472 34084.17784563874 -184899.25386074433 128 128 128
208 477371.7674907018 641549.3924755781 -2833343.385918509 128 128 128
209 -84725.99823733685 -173198.30264872508 618958.879305839 128 128 128
210 286630.21347705263 431644.28640834574 -1893724.9313064674 128 128 128
211 -87850.10484706041 -173710.84549917237 623962.1522534053 128 128 128
212 -88925.64975643503 -175217.967332206 630130.6805483953 128 128 128
213 -92013.40907795659 -180267.1572940056 649978.3162133395 128 128 128
214 75229.77223393976 26440.473888709883 -204533.75184503774 128 128 128
215 75278.6932965077 26407.577473311467 -204862.1267008267 128 128 128
216 75328.49417012917 26375.32852080592 -205193.72395064073 128 128 128
217 44103.12403311557 12661.939060497227 -173777.94092254326 128 128 128
218 40771.26037208151 9528.383259535356 -210090.70521781695 128 128 128
219 38695.13387738027 9491.735075347468 -203616.08359226625 128 128 128
220 39832.03461619523 1574.989400932131 -345089.3584408817 128 128 128
221 42370.85096707647 1898.7996687595753 -136744.17535383307 128 128 128
222 25893.994299132428 11801.091896536398 -181853.17414383005 128 128 128
223 25614.823243633404 11462.298840733192 -180329.25408326573 128 128 128
224 -37058.321097244676 -70018.43290816508 255606.48696097516 128 128 128
225 -46781.941345949985 -85717.94723793614 315666.6479852021 128 128 128
226 -61910.58486426645 -110108.12969416846 409154.24661011365 128 128 128
227 -43295.85050210502 -79931.5840375641 293785.6736578608 128 128 128
228 -56848.15657856995 -101788.01783293938 377533.8366430473 128 128 128
229 -80236.62795563342 -139460.73581210707 522121.57730901905 128 128 128
230 -52166.3883625963 -94079.46067203989 348261.8771371634 128 128 128
231 -72646.1618416906 -127076.36033836198 474873.2162493077 128 128 128
232 -114504.4630283686 -194451.04213186953 733733.6230255244 128 128 128
233 -1351.0833140519142 1094.581785676944 62582.66390971763 128 128 128
234 15314.665067273076 2566.9951920334815 -81374.23062171182 128 128 128
235 15374.786714318552 2546.2277120638178 -82055.52639403741 128 128 128
236 14822.67951407399 2187.718882649966 -80086.00495430415 128 128 128
237 84449.94075094446 186223.15881936168 -794947.9203292633 128 128 128
238 17202.320401137953 587.3938732073789 -101976.28825155308 128 128 128
239 46943.72992885748 -2588.3495532342595 -330202.3756500188 128 128 128
240 14677.52316797272 1621.4675152392172 -82831.92887702634 128 128 128
241 14540.180802097215 1492.0329995996563 -82667.50471189112 128 128 128
242 37270.66565056943 -788.8974785458607 -285137.2458978791 128 128 128
243 5807.387112220754 -3275.702975084702 23100.75713087831 128 128 128
244 5813.687476066303 -3337.529944381485 23075.93318692103 128 128 128
245 5755.37770436214 -3216.4562582431363 22895.017610944953 128 128 128
246 5761.687046041532 -3278.0291911354775 22869.204293647905 128 128 128
247 17729.807615226462 1225.4312162418487 -126963.8403804448 128 128 128
248 26219.018161646316 -1185.8993518607529 -212984.83589693665 128 128 128
249 17551.781825902395 1078.71146749622 -126296.46391457475 128 128 128
250 17569.441918994024 1066.3893278149983 -126704.850941746 128 128 128
251 17587.01599099028 1054.0605147586277 -127113.87295234973 128 128 128
252 13578.777814904495 2642.2346361916543 -86206.93320076982 128 128 128
253 17357.497017283666 946.5423113731669 -125231.38862218322 128 128 128
254 17375.231970277186 934.1429612679933 -125638.44474959405 128 128 128
255 17392.880565341045 921.7358588740269 -126046.12847542283 128 128 128
256 25296.630949683542 -1604.008654350231 -205246.06804464615 128 128 128
257 13400.231776879937 2480.748626368952 -85506.58358106324 128 128 128
258 13416.324301513032 2464.0095636322653 -85833.15226179863 128 128 128
259 2691.4270621512615 -22818.21077807448 69261.25075800836 128 128 128
260 18299.698541916925 -418.78394293602037 -135251.0329563249 128 128 128
261 1618.5938065596913 -4833.905682198178 17703.271237674126 128 128 128
262 32804.76011569154 -5142.06818858724 -299357.5773286896 128 128 128
263 16855.02832863475 185.66083096077253 -127455.7255352829 128 128 128
264 13181.079425962604 -522.1407607238084 -87777.73537481402 128 128 128
265 12979.413721901017 154.02714461914985 -119467.6824691688 128 128 128
266 13036.087513141787 -612.9581355782242 -87377.25793859965 128 128 128
267 12332.027367209412 1623.5316148923703 -80578.63085137898 128 128 128
268 12920.338087229162 -712.785753692402 -87346.78087791498 128 128 128
269 15705.027854057938 -99.01952682628529 -116238.68413966117 128 128 128
270 11840.757934563528 1211.3209932799093 -78775.99972396031 128 128 128
271 11858.531042366647 1196.2634758006232 -79105.68295935394 128 128 128
272 15451.183881969902 -772.9825312473416 -120707.57711708634 128 128 128
273 15467.90369355832 -786.889558011055 -121109.19421429955 128 128 128
274 15484.527492710458 -800.8198801688422 -121511.36169182589 128 128 128
275 12625.687553845384 562.3519736608375 -92961.58219150662 128 128 128
276 12169.185870135172 2395.2769479953554 -89635.50476227768 128 128 128
277 17396.591168665193 -100.06852233569535 -122743.13213226841 128 128 128
278 -2742.151015818024 -20155.135879505906 67167.08277589842 128 128 128
279 -3253.7984442376064 -21447.04329928683 71962.58145264056 128 128 128
280 14993.054172857535 -1141.892923673788 -119472.5116969346 128 128 128
281 62799.752616422425 -1549.1547788134947 -223638.06907438795 128 128 128
282 7909.426989166957 -1064.6533145946046 -54275.297337994394 128 128 128
283 2234.9927273095504 -4524.2651041653 16730.222385797275 128 128 128
284 2201.9949921640923 -4686.087120364244 17060.242506831913 128 128 128
285 20786.124593992114 -3102.2678903846477 -201376.66106246487 128 128 128
286 7792.580853031241 -1118.702091155487 -54038.427381288086 128 128 128
287 7676.79200351769 -1171.413186692185 -53807.23544675271 128 128 128
288 2155.97863040947 -4373.104085071248 16174.823377026265 128 128 128
289 2122.5127263661334 -4536.101940292836 16509.267587105744 128 128 128
290 11536.341845751345 1573.4059096442884 -88544.46944302451 128 128 128
291 11374.221476268855 1416.7716056992178 -87847.42026811911 128 128 128
292 11382.456653960347 1397.7427379975938 -88176.02008445772 128 128 128
293 6752.296291693524 -2609.276386540885 21133.4655532092 128 128 128
294 6758.409128395697 -2668.7105401485314 21099.07469701836 128 128 128
295 12344.641701483328 -1436.7862101319859 -95618.34594762728 128 128 128
296 6691.012057391905 -2557.5045947481663 20949.053758356345 128 128 128
297 6697.081222341361 -2616.724881391084 20913.806042863198 128 128 128
298 14578.654323226363 -2222.655715715741 -126578.5159964118 128 128 128
299 19530.35398973231 -4170.5813442383505 -197160.49449405962 128 128 128
300 -1462.1487806170715 -9356.124989000473 31352.936507931066 128 128 128
301 18486.36324414432 -4970.5312401982155 -192473.24627412908 128 128 128
302 11392.543300772546 -725.7909977979508 -104920.49578511894 128 128 128
303 16847.303992649355 -4961.410450420565 -170137.47664252037 128 128 128
304 16854.400265524546 -4982.778527917961 -170598.63693425467 128 128 128
305 16861.368730779566 -5004.195672444636 -171060.37444102907 128 128 128
306 16695.627943165928 -5097.424258901054 -170028.9712093747 128 128 128
307 16537.75792841515 -5210.821584310104 -169465.42756459955 128 128 128
308 9206.356653409402 2200.0911185309187 -90577.93583761354 128 128 128
309 9200.096049788632 2171.1867030119 -90872.01843689516 128 128 128
310 9195.82462075605 -1215.9387544134358 -86191.40117397471 128 128 128
311 8772.321022938993 1730.8259694023993 -86778.62886203793 128 128 128
312 8767.08996150091 1702.9368582345035 -87073.81963814063 128 128 128
313 10424.318156252713 604.5434032627852 -64201.88424400479 128 128 128
314 8607.874896092557 1462.6123122890763 -86832.46510259318 128 128 128
315 -30695.36535167222 -131072.26098626206 510916.715597499 128 128 128
316 16528.601364595124 -6315.211337827323 -161819.83365153443 128 128 128
317 8361.44206965912 1290.1323156459296 -83110.08395785067 128 128 128
318 8253.07840888067 782.3700800954527 -88492.8514052575 128 128 128
319 8247.624396079349 756.7552728621499 -88803.80302253424 128 128 128
320 8116.874370031954 639.6054327091605 -87413.35646646612 128 128 128
321 9134.525100696857 -1958.864238865206 -113844.89714571594 128 128 128
322 8167.651561804411 -2249.483904966869 -84962.66193111015 128 128 128
323 7499.679054841447 201.49143156557915 -79838.17748455521 128 128 128
324 22146.854021583305 -1510.170188203895 -78773.75913844952 128 128 128
325 848.3612108228805 -10017.302938180648 -143931.21697141428 128 128 128
326 14802.895921786963 -12915.871096969566 -234559.30499236076 128 128 128
327 6099.504324758891 -10960.290613292664 -193584.48137808885 128 128 128
328 3646.805812915599 -9588.37984563684 28163.528286529054 128 128 128
329 -3519.11667529612 -8518.098116385063 -98913.8250192498 128 128 128
330 -3606.2257144648665 -8552.193139976662 -98761.15295198729 128 128 128
331 3969.8929464044604 2312.3500746772825 -35329.517600185085 128 128 128
332 21066.009711791055 -2175.2508741315023 -75893.4872769153 128 128 128
333 2442.8416985058675 -2412.9753561035363 8542.893371638276 128 128 128
334 4613.811002069773 -4571.106674383857 -74825.95261937634 128 128 128
335 4509.299082236546 -4624.519165858219 -74566.6030936992 128 128 128
336 7192.869935763099 -6512.25447155036 -102962.03663984046 128 128 128
337 7109.615015066091 -6570.606272059271 -103176.66322624317 128 128 128
338 -2536.8500846443917 -9057.650568240731 -98452.43495572208 128 128 128
339 -2551.055189286026 -9090.445281714603 -98770.3663711471 128 128 128
340 3742.739876183853 -884.3714574745029 -24257.146340847165 128 128 128
341 3630.5285768365366 -935.9090372408155 -24006.945331774943 128 128 128
342 3022.08328604488 -6173.389668459179 -80421.39015464962 128 128 128
343 1071.480488364849 -3571.3532468292574 -49572.307804587224 128 128 128
344 1062.9141631495745 -3597.4359754688685 -49856.35948594388 128 128 128
345 15482.879201335349 -2489.1030698861186 -76550.58680982728 128 128 128
346 15419.356759737962 -2486.6454396181107 -76610.35938044926 128 128 128
347 -2522.0110003030745 3724.0357314393486 -18259.74194219628 128 128 128
348 13919.775356306884 -3067.1634043911554 -74909.55651377563 128 128 128
349 -1002.846539495707 -4684.377918208428 -56464.85248740367 128 128 128
350 -340.19860013487005 -5993.120373132182 -66993.10497433651 128 128 128
351 -334.35102122641274 -6024.419783832772 -67268.01552898581 128 128 128
352 -328.58011561844205 -6055.746781714535 -67543.27370278038 128 128 128
353 40.129401954935425 -12154.896919927152 -130556.34477043404 128 128 128
354 -3644.115964430638 -518.8165006386764 -25824.32024999618 128 128 128
355 -3842.094533844518 -13220.05839182212 -131280.84427383344 128 128 128
356 -2121.521833720352 -5193.840918663081 -54562.05869267205 128 128 128
357 -2193.494461336955 -5229.631638314805 -54813.43962778881 128 128 128
358 -2190.566038358633 -5262.644631640456 -55064.2093094676 128 128 128
359 -2265.5654818635803 -5265.471809396071 -55065.4686949938 128 128 128
360 -25541.366301606704 8739.74104810953 136603.22199749385 128 128 128
361 -3281.228318426109 -2851.064229746045 -47193.417614108694 128 128 128
362 -2303.7878123397254 -6311.866460688166 -62328.569943615104 128 128 128
363 -2303.3106618838433 -6346.1187819885845 -62587.9118936962 128 128 128
364 -2181.95631211267 -10436.01952453526 -91675.13519457496 128 128 128
365 -2381.1535967012123 -6318.714827224973 -62310.42423855336 128 128 128
366 -2269.024353144676 -10465.204005289328 -91524.67444028787 128 128 128
367 -9968.552036138479 12125.695675510491 133854.1643831371 128 128 128
368 -9930.480060625187 12120.622669146796 133724.78891343705 128 128 128
369 -3889.23100977392 2729.1451952845646 -15490.84047378817 128 128 128
370 -3956.1286149519515 2683.9143361208244 -15643.842664297752 128 128 128
371 -3101.18438821006 674.5123420701859 -9522.112407937442 128 128 128
372 -3314.9483175435603 797.8960560404345 -10113.498597622924 128 128 128
373 -4574.125893669462 461.59865023538003 -17853.734459543786 128 128 128
374 -4577.569462990629 460.0298144010951 -17846.829632533063 128 128 128
375 -4643.621026371477 497.31595043729163 -18037.68050827869 128 128 128
376 -4256.914174000566 -988.2886634849078 -24564.59805697695 128 128 128
377 -4870.146777081187 -5393.186734985855 -40509.442141105224 128 128 128
378 -8471.638630944835 -5870.107695220415 -70273.80060375828 128 128 128
379 -14472.239153210365 -25766.552677649277 -215201.00839689735 128 128 128
380 590.8806173115104 -25739.672700105177 -232836.64439220735 128 128 128
381 -4088.981311482303 -10719.054217412267 -93686.09794004224 128 128 128
382 -6155.226165742728 -7123.6937514426845 -49491.82918791393 128 128 128
383 -6227.550850965903 -7126.032598901005 -49475.991137989404 128 128 128
384 -6812.751138619846 -2261.95636281406 -56557.729791799466 128 128 128
385 -6818.393436279733 -4277.0042175151275 -45383.53316975054 128 128 128
386 -6919.238178793706 5326.3401451929585 -28321.12635206002 128 128 128
387 -6877.16277626302 -4179.091911805996 -45101.304786714914 128 128 128
388 -9709.54103439379 15142.010979163137 137070.46297282501 128 128 128
389 -5896.825816227122 -15446.286076185805 -118772.47589396781 128 128 128
390 -5913.489878152693 -15495.028701899626 -119064.3835996498 128 128 128
391 -10875.05288965203 -6958.769952211627 -65817.27575324243 128 128 128
392 -10888.582089259768 -7005.2639011473175 -66014.56760742444 128 128 128
393 -10902.191654488997 -7051.760289343937 -66212.2853752532 128 128 128
394 -1686.7857561987023 -15308.285238108354 -128312.76344465141 128 128 128
395 -1769.5923155338467 -15281.196985387583 -127947.8451354252 128 128 128
396 -8193.7507949935 -5302.1110504225235 -49649.235586903065 128 128 128
397 -7919.675487932433 4471.921314979956 -24878.299647985237 128 128 128
398 -7996.9453519597355 4519.47032702723 -25124.29955036744 128 128 128
399 -8072.446749535961 4452.79278560365 -25233.29240842853 128 128 128
400 18887.619032602142 -17387.427285218895 -239242.76844828643 128 128 128
401 -10751.373556301789 -889.9947797374666 -68809.7674742968 128 128 128
402 -4795.329400894915 -23767.441862266904 -191026.18697552336 128 128 128
403 -5043.271308651702 -23845.53974933009 -190957.83746809835 128 128 128
404 -10958.769384119656 -1072.128004449994 -69863.35065717922 128 128 128
405 -11254.529072920324 -814.8571963995685 -70812.24747779961 128 128 128
406 -11596.600990728804 -4837.53063880661 -78119.55200766725 128 128 128
407 -12064.794151518183 -1695.065831085699 -65473.117620160054 128 128 128
408 -11602.63726722955 -6841.302116593084 -82794.98376206937 128 128 128
409 -11611.433232875102 -6895.292698072282 -82966.00003331414 128 128 128
410 -12620.448518038183 -10957.086197699344 -96164.87874919048 128 128 128
411 -14219.4153463592 -7395.642951057416 -98892.80524773768 128 128 128
412 -15184.086491861965 -2794.5620870833877 -63204.21213433764 128 128 128
413 -14702.82565587908 -1784.9921320892126 -83869.75468252091 128 128 128
414 -14758.969741310224 -2624.188008941862 -84636.39529659195 128 128 128
415 -15541.368229430424 -6848.68438790897 -69852.28316487937 128 128 128
416 -11446.338138991468 -29577.68316418314 -211310.5684876564 128 128 128
417 -11473.35458007098 -29649.975049288525 -211608.07100843886 128 128 128
418 -11540.969272283963 -29606.7479453924 -211298.92693752784 128 128 128
419 -11568.047018724516 -29679.11126545518 -211595.7971969002 128 128 128
420 -15125.277190428065 -2619.181540693096 -85794.41818758046 128 128 128
421 -15135.865119951779 -2685.541743698142 -85882.69591796314 128 128 128
422 -15196.089577787916 -2600.896926762562 -86015.58521087845 128 128 128
423 -15206.741524617079 -2667.429533448832 -86103.01101237864 128 128 128
424 -15052.314849911778 -5806.183100202179 -91885.59364099342 128 128 128
425 -15266.962251381232 -2582.6048663670185 -86237.4014782072 128 128 128
426 -15277.678065680835 -2649.309882559443 -86323.97488474414 128 128 128
427 -15288.40078182987 -2715.882369724309 -86411.49220705015 128 128 128
428 -15299.131254482982 -2782.324209807541 -86499.9460243393 128 128 128
429 -11987.866808775567 -30129.54961996021 -210093.52466891194 128 128 128
430 -15359.461238070213 -2697.9273900467183 -86632.25352780658 128 128 128
431 -15370.254791027759 -2764.5399523300175 -86719.8611363627 128 128 128
432 -12082.439594467252 -30158.561487172065 -210075.92203038704 128 128 128
433 -12093.418163570359 -29969.84015952947 -209172.32656403462 128 128 128
434 -12176.949968245865 -30187.52523462439 -210059.22818058298 128 128 128
435 -15467.175878015418 -3807.129774632142 -87871.77475661594 128 128 128
436 -12215.494744911523 -30071.118768006967 -209453.13364890224 128 128 128
437 -12243.396446859857 -30143.749527253065 -209748.14422240484 128 128 128
438 -12271.398670848264 -30216.441614647258 -210043.43941603115 128 128 128
439 -15539.217953561782 -3791.90179379651 -88079.2675301365 128 128 128
440 -15550.22692459879 -3856.6877515969586 -88180.82771391471 128 128 128
441 -15531.787417862612 -5977.5809982907995 -90668.6273472194 128 128 128
442 -15543.44527992938 -6039.216763051484 -90797.10889046866 128 128 128
443 -15616.983604717976 -2911.7401821961125 -87644.28805302357 128 128 128
444 -15627.999899424112 -2978.3474896882426 -87733.07976979656 128 128 128
445 -15582.047816052478 -5843.54463376564 -90595.7584898851 128 128 128
446 -15593.681235738566 -5905.436480912227 -90722.20122205328 128 128 128
447 -15605.352609246582 -5967.267694238946 -90849.30729708864 128 128 128
448 -15617.062397667061 -6029.03933312023 -90977.07252457413 128 128 128
449 -15628.811057412022 -6090.752445393621 -91105.49275941905 128 128 128
450 -16031.724561241415 2507.3382694571933 -53313.902187436084 128 128 128
451 -21149.286021772572 -25935.982302371984 -150775.06172483574 128 128 128
452 -21185.091031013082 -26003.005903385692 -151021.85256666708 128 128 128
453 -14780.488068566052 -14075.755872658934 -123879.73624374547 128 128 128
454 -15185.488232768314 -11554.066312375702 -111397.46791971252 128 128 128
455 -15726.40203959244 -8117.22511921185 -94581.29236107453 128 128 128
456 -21232.805694280327 -25953.452252870542 -150764.8397581456 128 128 128
457 -15389.392961217647 -5164.996205787189 -95335.01298653238 128 128 128
458 -15400.985902667584 -5228.938324069876 -95451.77531907808 128 128 128
459 -15740.862300164157 -5884.51555074474 -91086.90507923097 128 128 128
460 -15105.593076134592 -13916.622411413242 -121331.20291298677 128 128 128
461 -15409.901802263501 -13832.795050455514 -117503.40517297077 128 128 128
462 -15809.448622835525 -8226.509004385862 -95069.82543783027 128 128 128
463 -12497.401680425599 -29593.019033678986 -207125.51620776596 128 128 128
464 -13395.620186129268 -31103.825677582478 -212432.01870501245 128 128 128
465 -15258.693101562108 -9050.712394395801 -101444.5169559012 128 128 128
466 -15838.443523887143 -5591.5458592754785 -90997.26712163677 128 128 128
467 -15850.180917947073 -5654.15787962606 -91118.8632768062 128 128 128
468 -15814.531117841196 -5874.045419840279 -91270.20642497411 128 128 128
469 -15884.618398810402 -8220.800340734679 -95225.27908839888 128 128 128
470 -15836.785822878765 -1523.7073613915968 -87693.7828057802 128 128 128
471 -15848.17654137196 -1593.9682962785694 -87759.54838669271 128 128 128
472 -15859.559093417838 -1664.0623694299097 -87826.39340636415 128 128 128
473 -15858.606314311732 -2572.0950367847404 -88195.53610246023 128 128 128
474 -15869.837256126164 -2639.9027355979915 -88277.20698625453 128 128 128
475 -15881.074271948906 -2707.574954659476 -88359.8335074287 128 128 128
476 -15892.318223063347 -2775.11358375866 -88443.4081737123 128 128 128
477 -15922.926650018404 -3846.725719843389 -89322.23983627185 128 128 128
478 -12963.271349130287 -31731.363363437325 -215032.23964272058 128 128 128
479 -15912.009251040563 -5580.473206310545 -91184.76952896669 128 128 128
480 -15278.903900773339 -13987.317105128586 -121746.7243452456 128 128 128
481 -15876.661535825808 -6206.683055116283 -91867.61874422952 128 128 128
482 -15942.078629474549 -2171.7440384930674 -88293.26770423267 128 128 128
483 -15953.426161769165 -2240.5954350784227 -88368.37106240945 128 128 128
484 -15941.456014655989 -2622.0827691777804 -88502.22698671633 128 128 128
485 -15952.754605915761 -2689.9248886413616 -88584.00678449566 128 128 128
486 -15964.059817592157 -2757.6325877969393 -88666.73804041152 128 128 128
487 -13028.54040305642 -31687.09256349907 -214710.71812618437 128 128 128
488 -15973.822762903643 -5506.437042382517 -91253.45410585745 128 128 128
489 -15997.470518753145 -5632.285632598475 -91493.0386045837 128 128 128
490 -16161.565272395248 -3446.5416097984626 -85781.40849311088 128 128 128
491 -15732.06876129863 -9272.21939034041 -103043.6398571283 128 128 128
492 -15357.410754987115 -13992.278103308627 -121857.38546903174 128 128 128
493 -15950.639830405338 -6196.921466341888 -92047.93569670872 128 128 128
494 -16024.49834690449 -2672.2727450871253 -88808.80997466904 128 128 128
495 -16035.86467176478 -2740.1495130027974 -88890.697327738 128 128 128
496 -13213.860343209393 -31939.741707218483 -215580.82548272397 128 128 128
497 -15583.443301605108 -10959.166466410179 -110856.29425306979 128 128 128
498 -16059.30377453194 -5558.313852079567 -91561.65428738897 128 128 128
499 -16071.196793891075 -5621.342728005868 -91681.06496036626 128 128 128
500 -16024.670424572876 -6187.154765922767 -92228.8796625358 128 128 128
501 -16057.684204163546 -7511.196594799095 -94276.23436484492 128 128 128
502 -16070.517261872574 -7572.185017694182 -94416.97587822875 128 128 128
503 -13251.209574881306 -32061.456641732282 -215747.99631283202 128 128 128
504 -15690.821452208527 -12453.68911442896 -114377.1872457609 128 128 128
505 -15706.54625451992 -12514.356499999123 -114559.73519911962 128 128 128
506 -16166.526702476262 -7290.614783762474 -94229.06526024379 128 128 128
507 -16132.591811295522 -7504.10831968685 -94442.02844469316 128 128 128
508 -16145.472045794279 -7565.219199312965 -94582.10041733216 128 128 128
509 -16158.400335214956 -7626.2926766316 -94722.74390116251 128 128 128
510 -16171.37703598644 -7687.329563438152 -94863.95566065949 128 128 128
511 -15736.264468917067 -10958.64548316133 -111136.87321318226 128 128 128
512 -15784.093086237883 -12516.672022930916 -114683.23210637951 128 128 128
513 -15821.385659259895 -12966.39665597487 -115799.1883179415 128 128 128
514 -15870.249627130126 -13148.721464042994 -116357.25285484285 128 128 128
515 -16207.547773852719 -7497.0145937782545 -94608.44854030672 128 128 128
516 -16220.475000330342 -7558.247905837775 -94747.85092915245 128 128 128
517 -13411.170181735382 -32046.731829714765 -215405.155066535 128 128 128
518 -16115.021138052503 -5902.083684886206 -94502.79193659037 128 128 128
519 -16268.06738984822 -5044.760168861792 -91560.54860966261 128 128 128
520 -15899.282280240477 -12969.41402595736 -115918.54470638081 128 128 128
521 -15931.894206149549 -13091.146749270983 -116289.02258802817 128 128 128
522 -16282.552517882119 -7489.915929235104 -94775.49252632608 128 128 128
523 -16490.23974578536 -3884.318069871764 -56707.53737081636 128 128 128
524 -16502.142744318622 -3944.1296212389866 -56809.46656811026 128 128 128
525 -16347.254249938502 -3690.637123435565 -90496.13197099055 128 128 128
526 -13536.634064003465 -32151.19325215204 -215679.81455213908 128 128 128
527 -16329.756502234917 -4968.316588294445 -91647.58118769544 128 128 128
528 -16341.656520184391 -5032.632018377328 -91757.623343591 128 128 128
529 -16336.361551736207 -6617.465053782718 -93626.64086457115 128 128 128
530 -15944.743645569526 -12850.530473633919 -115670.84079320815 128 128 128
531 -16697.18263069036 -11613.022967532306 -107315.35501827927 128 128 128
532 -16390.970871067322 -4467.115582799038 -91339.30223403897 128 128 128
533 -16415.30376511096 -5020.502461863329 -91955.31398663316 128 128 128
534 -14231.956540006799 -30460.360648415102 -204984.53191707263 128 128 128
535 -16646.856311271116 -5646.716539206795 -87770.07964361004 128 128 128
536 -16724.142976935756 -17168.905243233654 -130207.67598771834 128 128 128
537 -16440.63467696094 -4322.793763923354 -91341.7728526942 128 128 128
538 -16467.725160701168 -5716.0818079312085 -92830.25572766286 128 128 128
539 -16479.972374505687 -5779.617133400201 -92948.03856174118 128 128 128
540 -16516.930106711556 -5969.821948386609 -93305.50520414537 128 128 128
541 -16476.89112224995 -6942.656248210606 -94417.90382190509 128 128 128
542 -16502.53766299297 -7066.955430254653 -94681.23034303491 128 128 128
543 -16515.427514418614 -7129.03487554227 -94813.80499231837 128 128 128
544 -16528.362274090636 -7191.068754666251 -94946.98246176179 128 128 128
545 -16567.439841097403 -7376.905816301936 -95350.09663450642 128 128 128
546 -16709.567773497973 -5572.944303754225 -87837.00792969113 128 128 128
547 -16721.728724781453 -5635.788576014415 -87953.79306189796 128 128 128
548 -16733.932031349534 -5698.565856639748 -88071.26232762897 128 128 128
549 -16578.88815676966 -5896.253493481204 -93373.74276318723 128 128 128
550 -16591.29335388889 -5959.724489045843 -93492.86390859501 128 128 128
551 -16585.70424178593 -6716.251715057922 -94418.4242090335 128 128 128
552 -16577.513079038734 -7059.059657523531 -94855.45737958165 128 128 128
553 -16590.449811470386 -7121.264541097046 -94987.35098879875 128 128 128
554 -14790.857442255681 18341.453549939914 130187.45694372628 128 128 128
555 -16743.716240017588 -10304.973142929906 -100904.0532987902 128 128 128
556 -16640.84011085568 -5822.347519108603 -93444.7083457525 128 128 128
557 -16653.258313098097 -5886.020181628063 -93562.42810694838 128 128 128
558 -16652.54080710416 -7051.161920521862 -95030.29681953903 128 128 128
559 -16665.52424198263 -7113.492220990553 -95161.5092903261 128 128 128
560 -16727.62124817469 -7043.262714072071 -95205.7466733923 128 128 128
561 -16740.65120753678 -7105.7184099468595 -95336.2779032638 128 128 128
562 -17343.58109291901 -4366.186174113231 -87679.70616154332 128 128 128
563 -16851.401829236354 -9789.9982344978 -100095.6794882638 128 128 128
564 -16853.456149060894 -10447.650704266582 -101325.8255563718 128 128 128
565 -17248.878335520185 -3733.9105313395066 -81560.98000697493 128 128 128
566 -17324.327077590773 -3718.9546594862345 -81762.28139334184 128 128 128
567 -17062.284940807433 -7543.882161427363 -96744.44863965226 128 128 128
568 -17306.63481935952 -7179.516104309406 -89729.57482692038 128 128 128
569 -17534.094775391477 -14350.166675609442 -111052.78002460531 128 128 128
570 -17553.400115771412 -14410.903703066037 -111240.80069492807 128 128 128
571 -17128.52921282989 -8219.081356390145 -97863.39423530326 128 128 128
572 -17422.944132403147 -12626.169777727286 -106863.5361094861 128 128 128
573 -17440.522339786687 -12686.818959107572 -107039.37222573793 128 128 128
574 -17484.598904361468 -15037.531465725166 -116333.61585854714 128 128 128
575 -17632.516031852083 -14415.110423479537 -111340.02924186 128 128 128
576 -17691.479049391408 -14918.746455487517 -112745.6103651315 128 128 128
577 -17711.421853665557 -14979.70687232698 -112936.59405960831 128 128 128
578 -17186.565185464675 -7404.5294671020965 -96827.93222959501 128 128 128
579 -17339.83440463912 -2985.884912438942 -84789.10335976178 128 128 128
580 -17604.643203187425 -6604.594790177504 -86741.8732090982 128 128 128
581 -17501.232029730872 -12627.823943820513 -106981.45441196559 128 128 128
582 -17518.84705924961 -12688.564295433469 -107156.72507064004 128 128 128
583 -17536.53083898118 -12749.313150273936 -107332.38348059442 128 128 128
584 -17564.094893563648 -15042.869597393696 -116431.99075371762 128 128 128
585 -17695.51123065784 -9089.02129812804 -90769.86162310126 128 128 128
586 -17710.869252466015 -9149.289343056786 -90917.47244217925 128 128 128
587 -17286.11635487128 -10642.351254223726 -105618.24164361112 128 128 128
588 -17254.79405667352 -11871.56086420422 -108911.13331357563 128 128 128
589 -17579.554745763788 -12629.472154584095 -107099.99737807372 128 128 128
590 -17597.206417766316 -12690.303606318119 -107274.70281463503 128 128 128
591 -17643.615006425145 -15048.198150596143 -116531.01094120798 128 128 128
592 -17332.615156957356 -11872.30915989266 -109043.04168125172 128 128 128
593 -17625.28523478011 -6605.862718447266 -87500.14399183379 128 128 128
594 -17657.91273886543 -12631.114926943717 -107219.1626374902 128 128 128
595 -17675.600873724696 -12692.037409242663 -107393.30308385985 128 128 128
596 -17723.159730983654 -15053.517668325 -116630.67392730931 128 128 128
597 -17777.49156163874 -7050.294425992379 -87755.28484732562 128 128 128
598 -17933.31708959609 -15142.684621340955 -113423.77130169852 128 128 128
599 -17353.763167921807 -14354.239950062492 -118740.4908361437 128 128 128
600 -17840.66072832836 -6980.245304593635 -87796.57636680694 128 128 128
601 -17910.380236106936 -14309.547713033195 -111373.09310143407 128 128 128
602 -17852.3505165618 -8442.120085784114 -89955.18570804616 128 128 128
603 -17911.311322328027 -6568.881373197371 -87429.91496870076 128 128 128
604 -17929.63991229632 -8436.561972151567 -90107.14617591318 128 128 128
605 -18092.407596983416 -15152.90881540809 -113613.60945083581 128 128 128
606 -18112.735732681474 -15214.299242747058 -113803.29685037247 128 128 128
607 -17976.018501966097 -13477.23155080036 -109536.3196850809 128 128 128
608 -17962.66142723122 -8247.572651004226 -89845.7956059155 128 128 128
609 -17977.375064590407 -8308.74426615027 -89983.23151701971 128 128 128
610 -18127.428660481575 -14501.501860636226 -112133.37867215568 128 128 128
611 -18151.708472707738 -15096.558028640427 -113520.66758808626 128 128 128
612 -18192.35456159488 -15219.478440250636 -113898.6396433146 128 128 128
613 -17686.669207887808 -15437.57047036448 -121556.49295400953 128 128 128
614 -18054.900956482863 -13480.059070763142 -109649.44788353117 128 128 128
615 -18039.982000305306 -8241.69005296927 -90000.76663055015 128 128 128
616 -18148.045740160152 -14321.51072372458 -111685.49263646711 128 128 128
617 -18167.55100874345 -14382.900674570104 -111868.8156547293 128 128 128
618 -18251.607525049665 -15163.097400049155 -113805.99956233421 128 128 128
619 -18272.001052724245 -15224.649186304603 -113994.61823748251 128 128 128
620 -18139.54462856061 -10683.106044647795 -96423.29117341654 128 128 128
621 -18752.12363267137 -14227.672702946567 -111057.02560934437 128 128 128
622 -17479.108409559594 -15669.116665868356 -119353.02263873814 128 128 128
623 -17498.762982997658 -15731.161651712917 -119546.34144612165 128 128 128
624 -18227.3296410175 -14325.485532044864 -111790.8787244054 128 128 128
625 -18246.86840191874 -14386.959137414673 -111973.65912601251 128 128 128
626 -18212.769569924734 -13485.701297890244 -109877.55415979221 128 128 128
627 -18210.895667095538 -13753.93624164036 -110429.27578805557 128 128 128
628 -18248.8921714847 -13876.891427578996 -110786.77897452586 128 128 128
629 -18431.37889897459 -15234.967463323466 -114188.47275264811 128 128 128
630 -18451.91276312182 -15296.701787383974 -114376.35845836057 128 128 128
631 -18212.842241805167 -12372.681320232856 -107562.91842442064 128 128 128
632 -18230.553496390563 -12434.278915202649 -107731.0473850882 128 128 128
633 -18291.756623970374 -13488.51701707255 -109992.52756104588 128 128 128
634 -18308.976079169468 -13818.674559965648 -110719.45116700514 128 128 128
635 -18328.043884336515 -13880.244509333726 -110897.83752722043 128 128 128
636 -18347.183256160435 -13941.828235161902 -111076.58885011148 128 128 128
637 -18333.34192648412 -8135.2499052254125 -90524.76947674976 128 128 128
638 -18648.97403259447 -16148.281772684253 -116660.6894578049 128 128 128
639 -18291.400739447767 -12373.912239620233 -107689.85287968766 128 128 128
640 -18415.203436392243 -3165.061112140601 -80523.54184060052 128 128 128
641 -18312.61563205282 -11489.553235588748 -103694.39563595767 128 128 128
642 -18318.06868722627 -13037.129876509105 -109053.76669071557 128 128 128
643 -18748.981921326373 -15679.896488389455 -113127.83466111762 128 128 128
644 -18770.411747615028 -15741.628782564985 -113317.31286695518 128 128 128
645 -18396.929854994305 -13039.30528903185 -109174.45396754319 128 128 128
646 -18809.264644647752 -16160.829647074497 -116841.0590416235 128 128 128
647 -18830.889315670738 -16223.044930098684 -117032.73957500259 128 128 128
648 -18707.073024527104 -9833.190330053561 -92535.71417943526 128 128 128
649 -18904.754112715105 -17155.91096021448 -119350.24667801679 128 128 128
650 -18475.829266824832 -13041.479557272965 -109295.74371781517 128 128 128
651 -18648.549208328142 -4681.477597328347 -79554.47259360648 128 128 128
652 -18867.873348526897 -16104.825573214679 -116741.35160895184 128 128 128
653 -18889.450705183266 -16167.09256042505 -116932.18968081457 128 128 128
654 -18911.105741925712 -16229.384646835279 -117123.34705869187 128 128 128
655 -21876.896721305253 -22333.228394773403 176135.23150265482 128 128 128
656 -18985.29062299413 -17163.351599063546 -119431.738715345 128 128 128
657 -19008.01765589421 -17225.94095189789 -119628.73162044286 128 128 128
658 -18678.979789660738 -7873.458760756442 -86616.85669266603 128 128 128
659 -19065.851300532097 -17170.78319534785 -119513.86986898414 128 128 128
660 -18969.461271164746 -15208.61919581602 -114702.79986399558 128 128 128
661 -19130.177405469873 -16185.843519762368 -117209.33502284008 128 128 128
662 -18847.743208273063 -4670.326362832213 -77823.27588218558 128 128 128
663 -18894.80297736031 -11658.81849427261 -102019.27947487612 128 128 128
664 -19049.37877565834 -15213.654521370798 -114805.53143620207 128 128 128
665 -18973.5203317213 -11658.66471936358 -102150.57951600631 128 128 128
666 -18978.799429528633 -7062.6680358907815 -87139.36315203451 128 128 128
667 -19269.07955048434 -16135.667221357307 -117208.9767977474 128 128 128
668 -19031.597251154428 -8479.274265468 -92590.32338542532 128 128 128
669 -19046.951841614373 -8541.703700640268 -92722.41149185086 128 128 128
670 -19085.7232920638 -7180.692259272771 -87546.89121454142 128 128 128
671 -19593.18616525702 -14699.273330695569 -108582.67452418648 128 128 128
672 -19109.822969097742 -8473.974596302573 -92749.6322219262 128 128 128
673 -19832.82895525592 -18667.152872764145 -123960.79491280834 128 128 128
674 -19510.16199499217 -16154.120397405664 -117496.94690763774 128 128 128
675 -19512.912862178146 -15554.55859934781 -114762.67457393011 128 128 128
676 -19185.80811765429 -4998.491734410346 -78231.34971005742 128 128 128
677 -19593.097276564393 -15559.858028417862 -114863.73418442521 128 128 128
678 -19561.67475805157 -12803.15642504171 -102252.02901165588 128 128 128
679 -19252.242328100325 -4922.372751416452 -78317.8575492393 128 128 128
680 -19310.557403811847 -6720.291549684444 -84522.39026826592 128 128 128
681 -19331.456642580448 -4910.520307585674 -78501.27428229363 128 128 128
682 -19540.78372636155 -6767.697891598652 -83857.02650468334 128 128 128
683 -19852.42727230217 -7079.121358589219 -84903.5684866011 128 128 128
684 -22235.540348110997 -10707.688186231933 -80568.90408622594 128 128 128
685 -23066.532603895514 -12202.325940885014 -84597.21115335941 128 128 128
686 -22301.6265299843 -6743.948219992119 -70669.95114561052 128 128 128
687 -23617.53787137707 -12133.862618320545 -85280.30667917947 128 128 128
688 -23640.028931819703 -12196.701420745867 -85417.62211413993 128 128 128